1.7331088739418123
1.7995825325324344
1.726007171534759
2.1905514834483193
2.626408554425863
1.7495987063751022
2.1359791362893477
1.6904662937323378
2.1359791362893477
2.1359791362893477
1.6904662937323378
2.9174025152408247
2.329398910747342
1.8720292348639238
2.1359791362893477
2.5725621876125864
2.0187254606347382
1.9216412063048722
1.6904662937323378
1.7995825325324344
1.4587090405308465
1.589384854623333
2.9174025152408247
2.464270545196055
1.776638705374351
1.6904662937323378
2.1359791362893477
1.728087658663163
1.8822152644035877
1.6904662937323378
1.6904662937323378
1.5469010122300977
1.9249972948943612
1.6768353916521703
2.626408554425863
1.6137682475990063
4.170405764294924
1.7995825325324344
1.6904662937323378
1.6299305764681449
2.112606114021275
1.804530414828205
1.5242946536502109
2.058724366443759
2.058724366443759
1.7277420345831351
1.6642825514324493
2.1359791362893477
1.6904662937323378
2.0187254606347382
1.6750757993851613
1.5469010122300977
2.150175829504025
1.6904662937323378
1.9098295983696845
2.8470752547874283
2.1359791362893477
2.455007107843339
2.040640214717859
1.7588081455415039
1.6321595488459795
1.736733333619043
1.3803865967286404
2.2548529499325416
2.4305984252664046
1.993822418575823
2.5208124663989007
2.626408554425863
1.7963188505460712
2.1359791362893477
2.4612967018897582
1.6904662937323378
1.7995825325324344
2.1359791362893477
1.6936955044331408
1.736733333619043
2.3216290559134927
1.9249972948943612
2.9174025152408247
2.1070242504974943
2.1070242504974943
1.7467937391249082
1.6904662937323378
1.6904662937323378
2.138890526151044
1.6793858033794036
2.1359791362893477
2.9174025152408247
1.6904662937323378
1.9799431790314281
1.9864012211480944
2.1359791362893477
2.067495637507631
1.7995825325324344
2.072769269383789
2.104521001473552
2.3220946511345337
1.952981278435745
2.072769269383789
2.626408554425863